iccord:
[15.0, 15.0, 25.0, 25.0]
[35.0, 35.0, 45.0, 45.0]
[55.0, 55.0, 65.0, 65.0]
[40.0, 40.0, 60.0, 60.0]
[75.0, 75.0, 85.0, 85.0]
[95.0, 95.0, 105.0, 105.0]
[115.0, 115.0, 125.0, 125.0]
[135.0, 135.0, 145.0, 145.0]
[165.0, 165.0, 175.0, 175.0]
[155.0, 155.0, 170.0, 170.0]
[140.0, 140.0, 162.5, 162.5]
[120.0, 120.0, 151.25, 151.25]
[100.0, 100.0, 135.625, 135.625]
[80.0, 80.0, 117.8125, 117.8125]
[205.0, 205.0, 215.0, 215.0]
[195.0, 195.0, 210.0, 210.0]
[185.0, 185.0, 202.5, 202.5]
[98.90625, 98.90625, 193.75, 193.75]
[50.0, 50.0, 146.328125, 146.328125]
[20.0, 20.0, 98.1640625, 98.1640625]
[5.0, 5.0, 59.08203125, 59.08203125]
dccord:
[0.0, 0.3892036400833551, 0.3892036400833551, 0.0]
[0.0, 0.08881632181117843, 0.08881632181117843, 0.0]
[0.0, 0.306816200162735, 0.306816200162735, 0.0]
[0.08881632181117843, 0.45050004676269784, 0.45050004676269784, 0.306816200162735]
[0.0, 0.24913693404932982, 0.24913693404932982, 0.0]
[0.0, 0.1671967833572235, 0.1671967833572235, 0.0]
[0.0, 0.3010356231826071, 0.3010356231826071, 0.0]
[0.0, 0.13069339772461253, 0.13069339772461253, 0.0]
[0.0, 0.15086578407200887, 0.15086578407200887, 0.0]
[0.0, 0.18390125680874447, 0.18390125680874447, 0.15086578407200887]
[0.13069339772461253, 0.3684474923902234, 0.3684474923902234, 0.18390125680874447]
[0.3010356231826071, 0.5670976063169375, 0.5670976063169375, 0.3684474923902234]
[0.1671967833572235, 0.5967489235612161, 0.5967489235612161, 0.5670976063169375]
[0.24913693404932982, 0.6477599312701656, 0.6477599312701656, 0.5967489235612161]
[0.0, 0.752622086275008, 0.752622086275008, 0.0]
[0.0, 0.8291144591108723, 0.8291144591108723, 0.752622086275008]
[0.0, 0.8809134534492697, 0.8809134534492697, 0.8291144591108723]
[0.6477599312701656, 1.227101681187631, 1.227101681187631, 0.8809134534492697]
[0.45050004676269784, 1.356657923278132, 1.356657923278132, 1.227101681187631]
[0.3892036400833551, 1.5218436505308552, 1.5218436505308552, 1.356657923278132]
[0.0, 2.944017617561412, 2.944017617561412, 1.5218436505308552]

ivl:3,0,11,6,8,17,20,12,13,4,5,7,15,19,21,9,14,18,2,1,10,16,
leaves:3,0,11,6,8,17,20,12,13,4,5,7,15,19,21,9,14,18,2,1,10,16,
color_list:C1,C1,C1,C1,C1,C1,C1,C1,C1,C1,C1,C1,C1,C1,C1,C1,C1,C1,C1,C1,C0,